# Blender 4.4.0
# www.blender.org
mtllib cubes.mtl
o Cube
v -0.690477 8.059155 1.588054
v 0.568570 9.423841 0.844795
v -1.726649 8.083525 -0.122429
v -0.467602 9.448210 -0.865689
v 0.467602 6.597293 0.865689
v 1.726649 7.961978 0.122429
v -0.568570 6.621663 -0.844795
v 0.690477 7.986348 -1.588054
vn -0.5790 0.7309 0.3612
vn -0.5181 0.0122 -0.8552
vn 0.5790 -0.7309 -0.3612
vn 0.5181 -0.0122 0.8552
vn -0.6295 -0.6823 0.3716
vn 0.6295 0.6823 -0.3716
vt 0.375000 0.000000
vt 0.625000 0.000000
vt 0.625000 0.250000
vt 0.375000 0.250000
vt 0.625000 0.500000
vt 0.375000 0.500000
vt 0.625000 0.750000
vt 0.375000 0.750000
vt 0.625000 1.000000
vt 0.375000 1.000000
vt 0.125000 0.500000
vt 0.125000 0.750000
vt 0.875000 0.500000
vt 0.875000 0.750000
s 0
f 1/1/1 2/2/1 4/3/1 3/4/1
f 3/4/2 4/3/2 8/5/2 7/6/2
f 7/6/3 8/5/3 6/7/3 5/8/3
f 5/8/4 6/7/4 2/9/4 1/10/4
f 3/11/5 7/6/5 5/8/5 1/12/5
f 8/5/6 4/13/6 2/14/6 6/7/6
o Cube.001
v -4.568821 5.091139 -1.547972
v -4.088390 7.002728 -1.887108
v -3.833148 4.588576 -3.338563
v -3.352717 6.500166 -3.677698
v -2.772166 4.785757 -0.724097
v -2.291734 6.697347 -1.063232
v -2.036493 4.283195 -2.514687
v -1.556061 6.194784 -2.853822
vn -0.8983 0.1527 -0.4119
vn 0.3678 -0.2513 -0.8953
vn 0.8983 -0.1527 0.4119
vn -0.3678 0.2513 0.8953
vn -0.2402 -0.9558 0.1696
vn 0.2402 0.9558 -0.1696
vt 0.375000 0.000000
vt 0.625000 0.000000
vt 0.625000 0.250000
vt 0.375000 0.250000
vt 0.625000 0.500000
vt 0.375000 0.500000
vt 0.625000 0.750000
vt 0.375000 0.750000
vt 0.625000 1.000000
vt 0.375000 1.000000
vt 0.125000 0.500000
vt 0.125000 0.750000
vt 0.875000 0.500000
vt 0.875000 0.750000
s 0
f 9/15/7 10/16/7 12/17/7 11/18/7
f 11/18/8 12/17/8 16/19/8 15/20/8
f 15/20/9 16/19/9 14/21/9 13/22/9
f 13/22/10 14/21/10 10/23/10 9/24/10
f 11/25/11 15/20/11 13/22/11 9/26/11
f 16/19/12 12/27/12 10/28/12 14/21/12
o Cube.002
v -4.787036 9.492595 2.954290
v -5.010389 11.280898 2.087062
v -3.909352 8.798361 1.296668
v -4.132705 10.586664 0.429440
v -3.003841 10.058289 3.661543
v -3.227194 11.846592 2.794315
v -2.126157 9.364055 2.003921
v -2.349510 11.152358 1.136693
vn -0.8916 -0.2828 -0.3536
vn 0.4388 -0.3471 -0.8288
vn 0.8916 0.2828 0.3536
vn -0.4388 0.3471 0.8288
vn 0.1117 -0.8942 0.4336
vn -0.1117 0.8942 -0.4336
vt 0.375000 0.000000
vt 0.625000 0.000000
vt 0.625000 0.250000
vt 0.375000 0.250000
vt 0.625000 0.500000
vt 0.375000 0.500000
vt 0.625000 0.750000
vt 0.375000 0.750000
vt 0.625000 1.000000
vt 0.375000 1.000000
vt 0.125000 0.500000
vt 0.125000 0.750000
vt 0.875000 0.500000
vt 0.875000 0.750000
s 0
f 17/29/13 18/30/13 20/31/13 19/32/13
f 19/32/14 20/31/14 24/33/14 23/34/14
f 23/34/15 24/33/15 22/35/15 21/36/15
f 21/36/16 22/35/16 18/37/16 17/38/16
f 19/39/17 23/34/17 21/36/17 17/40/17
f 24/33/18 20/41/18 18/42/18 22/35/18
o Cube.003
v 0.531176 11.619573 1.543686
v 0.282720 13.400457 0.668063
v 0.120764 10.710080 -0.189630
v -0.127692 12.490966 -1.065253
v 2.472782 11.655215 1.065253
v 2.224326 13.436101 0.189630
v 2.062369 10.745724 -0.668063
v 1.813913 12.526608 -1.543686
vn -0.9708 -0.0178 0.2392
vn -0.2052 -0.4547 -0.8667
vn 0.9708 0.0178 -0.2392
vn 0.2052 0.4547 0.8667
vn 0.1242 -0.8904 0.4378
vn -0.1242 0.8904 -0.4378
vt 0.375000 0.000000
vt 0.625000 0.000000
vt 0.625000 0.250000
vt 0.375000 0.250000
vt 0.625000 0.500000
vt 0.375000 0.500000
vt 0.625000 0.750000
vt 0.375000 0.750000
vt 0.625000 1.000000
vt 0.375000 1.000000
vt 0.125000 0.500000
vt 0.125000 0.750000
vt 0.875000 0.500000
vt 0.875000 0.750000
s 0
f 25/43/19 26/44/19 28/45/19 27/46/19
f 27/46/20 28/45/20 32/47/20 31/48/20
f 31/48/21 32/47/21 30/49/21 29/50/21
f 29/50/22 30/49/22 26/51/22 25/52/22
f 27/53/23 31/48/23 29/50/23 25/54/23
f 32/47/24 28/55/24 26/56/24 30/49/24
